47340.38
47334.68
47334.96
47336.12
47336.14
47335.03
47336.26
47336.26
47336.25
47335.18
47332.65
47335.61
47335.61
47336.22
47334.93
47334.93
47334.92
47334.92
47334.91
47335.19
47335.19
47335.18
47335.18
47335.18
47335.17
47335.15
47335.14
47335.53
47333.11
47335.49
47335.5
47335.48
47335.39
47335.41
47335.36
47335.39
47335.38
47334.19
47334.19
47334.19
47335.2
47335.16
47335.17
47335.17
47335.18
47335.15
47335.14
47335.19
47335.19
47335.21
47336.26
47335.28
47335.29
47335.28
47335.2
47335.18
47334.43
47334.42
47331.37
47335.76
47336.24
47336.26
47336.25
47336.25
47336.25
47336.26
47336.26
47336.26
47336.26
47336.26
47336.26
47336.26
47341.14
47341.15
47341.15
47341.16
47341.17
47341.19
47342.33
47342.34
47341.18
47342.34
47342.32
47342.33
47343.32
47343.32
47342.32
47343.32
47343.32
47341.32
47342.3
47343.31
47343.32
47341.32
47343.31
47343.32
47343.32
47345.03
47345.19
47345.02
47345.19
47346.54
47346.78
47343.33
47344.36
47344.37
47347.17
47346.78
47347.17
47347.47
47347.32
47347.32
47347.32
47347.33
47347.32
47347.32
47347.31
47347.18
47347.05
47347.05
47347.05
47347.18
47348.33
47348.34
47348.35
47348.34
47348.35
47348.34
47348.35
47348.34
47348.35
47348.34
47348.35
47348.32
47348.35
47348.35
47348.36
47348.35
47348.35
47348.34
47348.35
47348.33
47348.33
47348.34
47348.33
47348.34
47348.34
47345.72
47345.71
47348.33
47348.34
47348.35
47348.35
47348.34
47348.34
47348.34
47346.58
47346.58
47346.58
47346.59
47346.58
47348.73
47347.68
47348.72
47348.74
47348.73
47348.74
47348.74
47348.73
47348.73
47348.73
47348.48
47348.48
47348.48
47348.73
47348.71
47348.73
47348.64
47342.92
47346.46
47345.26
47346.47
47346.47
47345.29
47343.02
47343.02
47343.42
47346.35
47346.35
47346.04
47344.81
47344.8
47346.47
47346.47
47344.94
47343.97
47343.96
47343.95
47343.95
47343.94
47346.45
47346.2
47346.47
47344.98
47344.98
47345.04
47345.04
47344.91
47344.92
47344.92
47345.01
47345
47345
47344.94
47344.99
47342.65
47345
47341.71
47345
47345
47345.01
47342.7
47342.69
47342.68
47341.74
47344.97
47344.98
47345
47345
47345
47345
47345
47343.09
47343.1
47343.12
47343.14
47343.77
47343.1
47343.78
47340.52
47340.52
47340.51
47342.62
47343.1
47343.09
47343.08
47343.08
47343.08
47343.08
47342.67
47342.67
47342.67
47342.66
47341.09
47341.1
47340.85
47340.86
47340.85
47340.86
47340.86
47340.86
47340.86
47340.86
47340.85
47340.85
47340.85
47340.85
47340.85
47340.85
47340.05
47340.04
47340.04
47340.04
47338.12
47338.12
47338
47337.81
47336.25
47334.82
47334.81
47332.33
47332.32
47332.31
47332.3
47332.03
47332.03
47332.12
47332.31
47332.38
47332.37
47332.36
47332.35
47332.34
47332.34
47332.33
47332.33
47332.12
47332.12
47332.11
47332.09
47331.92
47331.92
47331.92
47332.04
47331.91
47331.92
47333.4
47333.41
47333.4
47333.41
47331.92
47331.92
47331.85
47331.59
47331.58
47331.85
47331.85
47331.88
47331.91
47331.91
47333.8
47331.91
47333.41
47331.85
47335.48
47337.41
47336.25
47338.13
47338.99
47338.12
47339.4
47339.82
47340.01
47340.01
47340
47340
47340
47331.84
47331.47
47331.46
47331.84
47331.84
47331.84
47331.83
47331.83
47331.83
47331.83
47331.84
47331.84
47331.84
47331.84
47335.47
47335.48
47335.48
47334.44
47334.43
47334.44
47335.47
47335.48
47334.46
47335.47
47335.47
47339.05
47339.07
47339.17
47335.48
47337.63
47338.63
47334.88
47334.88
47334.86
47333.1
47334.86
47330.88
47330.28
47328.74
47328.75
47326.55
47328.1
47328
47327.95
47327.95
47327.96
47327.55
47327.5
47327.44
47327.45
47327.67
47327.33
47327.32
47327.34
47327.33
47324.31
47326.66
47325.73
47325.81
47325.72
47325.81
47327.66
47325.81
47325.8
47325.81
47325.8
47324.37
47324.36
47325.81
47324.54
47324.59
47324.41
47325.81
47325.81
47325.44
47324.42
47324.41
47325.42
47324.43
47325.43
47324.42
47324.41
47321.16
47321.17
47321.17
47321.17
47321.17
47321.17
47321.17
47321.17
47321.17
47321.78
47325.43
47325.41
47325.41
47325.41
47325.44
47325.43
47324.25
47321.12
47321.1
47324.24
47324.25
47324.24
47324.23
47321.81
47324.12
47324.13
47324.15
47324.1
47321.85
47324.07
47324.06
47325.15
47324.54
47325.45
47327.99
47327.98
47327.98
47327.98
47327.99
47322.42
47324.77
47325.11
47323.73
47323.74
47323.75
47320.71
47320.7
47320.73
47322.75
47322.75
47323.76
47322.76
47325.11
47322.77
47325.44
47322.75
47321.52
47321.58
47321.58
47321.58
47321.57
47321.57
47321.56
47321.49
47322.75
47322.75
47322.75
47322.75
47322.21
47322.22
47322.21
47322.22
47322.22
47322.21
47320.7
47320.7
47320.69
47320.69
47320.7
47320.7
47320.69
47320.7
47320.7
47321.29
47322.74
47320.76
47321.28
47321.29
47320.98
47321.28
47321.14
47321.14
47321.12
47321.13
47321.11
47321.18
47320.69
47321.28
47321.28
47321.29
47322.75
47320.69
47321.28
47321.29
47322.74
47322.75
47323.98
47325.49
47326.28
47326.58
47326.6
47326.89
47326.89
47326.89
47326.89
47327.1
47327.65
47328
47328.39
47321.29
47321.29
47326.14
47326.12
47326.17
47326.17
47326
47326
47326
47326.01
47326.1
47326.11
47326.13
47326.17
47326.17
47327.57
47327.58
47328.5
47325.96
47324.11
47321.56
47325.67
47326.03
47326.02
47328.03
47327.14
47327.14
47326.68
47326.67
47326.68
47326.12
47323.11
47328.02
47324.2
47328.02
47328.9
47326.74
47325.87
47328.88
47328.88
47328.9
47328.89
47328.9
47324.42
47322.22
47325.38
47322.35
47322.34
47322.28
47322.27
47320.74
47322.25
47322.22
47322.26
47320.69
47322.96
47320.7
47320.69
47320.7
47322.84
47322.93
47322.97
47320.69
47322.86
47322.86
47322.87
47322.92
47322.77
47320.85
47320.84
47320.84
47320.83
47320.7
47320.93
47322.37
47322.38
47322.97
47320.93
47322.29
47320.97
47320.96
47320.94
47320.69
47320.01
47320
47319.04
47320.72
47320.72
47320.72
47320.72
47322.27
47322.25
47321.02
47321.01
47321.04
47321.02
47321.01
47321
47320.99
47320.94
47320.93
47322.25
47322.97
47322.96
47322.96
47322.97
47321.13
47322.94
47322.97
47322.61
47322.61
47322.97
47322.97
47323.97
47321.75
47321.74
47321.03
47321.97
47322.01
47322.02
47322.03
47322.04
47322.2
47322.97
47321.06
47321.13
47322.96
47321.97
47322.96
47322.97
47320.64
47322.96
47321.74
47318.84
47321.21
47324.31
47322
47322
47321.99
47321.84
47322
47323.46
47325.07
47324.63
47325.08
47325.08
47325.08
47325.09
47325.08
47325.08
47325.09
47325.08
47325.08
47325.08
47325.09
47325.08
47325.08
47325.07
47321.75
47325.08
47325.08
47325.08
47325.09
47322.78
47322.78
47322.81
47319.35
47316.23
47318.92
47318.12
47322.8
47319.35
47320.85
47320.85
47320.88
47320.93
47318.19
47318.19
47318.18
47318.28
47318.22
47319.02
47318.98
47318.99
47318.99
47318.99
47318.83
47318.38
47318.37
47318.36
47318.35
47318.33
47318.32
47318.31
47318.29
47318.28
47318.78
47318.36
47318.33
47318.32
47318.3
47318.28
47317.67
47317.22
47317.17
47317.17
47316.27
47317.02
47314.02
47314.01
47316.4
47316.39
47316.2
47316.2
47316.21
47316.21
47316.21
47316.22
47315.98
47315.88
47314.21
47314.21
47314.23
47316.35
47316.37
47316.36
47317.04
47316.33
47316.26
47316.33
47316.64
47316.65
47316.59
47316.48
47316.54
47316.48
47316.48
47316.48
47316.48
47316.48
47317.1
47316.53
47319.55
47319.32
47316.89
47319.18
47318.11
47318.11
47318.12
47318.12
47318.04
47316.56
47316.56
47313.04
47317.72
47317.71
47317.72
47317.72
47317.73
47316.73
47317.61
47317.61
47317.62
47317.63
47317.66
47317.23
47317.23
47317.24
47317.27
47317.28
47317.29
47317.22
47317.29
47317.26
47317.27
47317.28
47317.29
47317.25
47317.26
47317.28
47317.28
47317.28
47316.71
47317.29
47317.29
47317.29
47317.29
47317.29
47317.29
47317.29
47317.29
47317.29
47317.29
47317.29
47317.27
47314.01
47317.29
47319.72
47319.91
47317.29
47317.29
47317.29
47317.29
47317.28
47315.62
47315.61
47315.59
47315.43
47317.28
47317.28
47317.29
47317.28
47317.29
47317.28
47316.21
47317.29
47316.97
47313.24
47313.24
47313.08
47313.08
47313.07
47313.06
47313.05
47313.04
47313.06
47313.22
47313.22
47312.45
47313.24
47313.24
47313.24
47313.24
47313.24
47313.24
47313.24
47315.64
47312.81
47312.81
47312.88
47312.88
47312.87
47312.86
47311.87
47312.88
47313.23
47313.23
47312
47312
47311.78
47313.23
47311.85
47311.84
47311.83
47310.06
47311.85
47309.04
47309.04
47310.17
47306.98
47306.97
47309.81
47309.81
47307.03
47307.02
47306.82
47312.88
47312.16
47312.05
47311.9
47311.91
47311.94
47311.86
47311.86
47311.62
47311.61
47311.6
47311.62
47311.63
47311.59
47311.39
47311.34
47302.57
47302.55
47302.55
47302.58
47301.67
47301.67
47300.97
47300
47300
47300
47298.85
47298.81
47298.81
47297.98
47297.97
47298.86
47298.11
47297.98
47297.97
47297.97
47297.97
47297.98
47298.47
47298.86
47298.87
47299.09
47297.97
47298.85
47298.86
47297.99
47297.98
47297.98
47298.41
47298.29
47298.29
47296.32
47296.32
47296.32
47297.97
47298.07
47298.08
47298.39
47298.06
47297.96
47300.6
47300.83
47300.87
47300.87
47297.11
47297.11
47297.1
47300.13
47300.14
47300.13
47300.87
47300.86
47300.62
47301.2
47301.37
47301.68
47302.33
47302.55
47300.01
47300
47300.01
47297.67
47299.81
47299.81
47296.76
47295.6
47299.69
47299.69
47299.71
47299.73
47299.81
47299.67
47297.47
47297.47
47297.46
47297.45
47297.49
47297.49
47299.58
47299.58
47299.59
47299.6
47299.65
47295
47291.7
47294.11
47294.1
